***266,Aatrox,0,0,0,0,0
***103,Ahri,0,0,0,0,0
***84,Akali,0,0,0,0,0
***12,Alistar,0,0,0,0,0
***32,Amumu,0,0,0,0,0
***34,Anivia,0,0,0,0,0
***1,Annie,0,0,0,0,0
***22,Ashe,0,0,0,0,0
***268,Azir,0,0,0,0,0
***53,Blitzcrank,0,0,0,0,0
***63,Brand,0,0,0,0,0
***201,Braum,0,0,0,0,0
***51,Caitlyn,0,0,0,0,0
***69,Cassiopeia,0,0,0,0,0
***31,ChoGath,0,0,0,0,0
***42,Corki,0,0,0,0,0
***122,Darius,0,0,0,0,0
***131,Diana,0,0,0,0,0
***36,Dr. Mundo,0,0,0,0,0
***119,Draven,0,0,0,0,0
***60,Elise,0,0,0,0,0
***28,Evelynn,0,0,0,0,0
***81,Ezreal,0,0,0,0,0
***9,Fiddlesticks,0,0,0,0,0
***114,Fiora,0,0,0,0,0
***105,Fizz,0,0,0,0,0
***3,Galio,0,0,0,0,0
***41,Gangplank,0,0,0,0,0
***86,Garen,0,0,0,0,0
***150,Gnar,0,0,0,0,0
***79,Gragas,0,0,0,0,0
***104,Graves,0,0,0,0,0
***120,Hecarim,0,0,0,0,0
***74,Heimerdinger,0,0,0,0,0
***39,Irelia,0,0,0,0,0
***40,Janna,0,0,0,0,0
***59,Jarvan IV,0,0,0,0,0
***24,Jax,0,0,0,0,0
***126,Jayce,0,0,0,0,0
***222,Jinx,0,0,0,0,0
***429,Kalista,0,0,0,0,0
***43,Karma,0,0,0,0,0
***30,Karthus,0,0,0,0,0
***38,Kassadin,0,0,0,0,0
***55,Katarina,0,0,0,0,0
***10,Kayle,0,0,0,0,0
***85,Kennen,0,0,0,0,0
***121,KhaZix,0,0,0,0,0
***96,KogMaw,0,0,0,0,0
***7,LeBlanc,0,0,0,0,0
***64,Lee Sin,0,0,0,0,0
***89,Leona,0,0,0,0,0
***127,Lissandra,0,0,0,0,0
***236,Lucian,0,0,0,0,0
***117,Lulu,0,0,0,0,0
***99,Lux,0,0,0,0,0
***54,Malphite,0,0,0,0,0
***90,Malzahar,0,0,0,0,0
***57,Maokai,0,0,0,0,0
***11,Master Yi,0,0,0,0,0
***21,Miss Fortune,0,0,0,0,0
***82,Mordekaiser,0,0,0,0,0
***25,Morgana,0,0,0,0,0
***267,Nami,0,0,0,0,0
***75,Nasus,0,0,0,0,0
***111,Nautilus,0,0,0,0,0
***76,Nidalee,0,0,0,0,0
***56,Nocturne,0,0,0,0,0
***20,Nunu,0,0,0,0,0
***2,Olaf,0,0,0,0,0
***61,Orianna,0,0,0,0,0
***80,Pantheon,0,0,0,0,0
***78,Poppy,0,0,0,0,0
***133,Quinn,0,0,0,0,0
***33,Rammus,0,0,0,0,0
***421,RekSai,0,0,0,0,0
***58,Renekton,0,0,0,0,0
***107,Rengar,0,0,0,0,0
***92,Riven,0,0,0,0,0
***68,Rumble,0,0,0,0,0
***13,Ryze,0,0,0,0,0
***113,Sejuani,0,0,0,0,0
***35,Shaco,0,0,0,0,0
***98,Shen,0,0,0,0,0
***102,Shyvana,0,0,0,0,0
***27,Singed,0,0,0,0,0
***14,Sion,0,0,0,0,0
***15,Sivir,0,0,0,0,0
***72,Skarner,0,0,0,0,0
***37,Sona,0,0,0,0,0
***16,Soraka,0,0,0,0,0
***50,Swain,0,0,0,0,0
***134,Syndra,0,0,0,0,0
***91,Talon,0,0,0,0,0
***44,Taric,0,0,0,0,0
***17,Teemo,0,0,0,0,0
***412,Thresh,0,0,0,0,0
***18,Tristana,0,0,0,0,0
***48,Trundle,0,0,0,0,0
***23,Tryndamere,0,0,0,0,0
***4,Twisted Fate,0,0,0,0,0
***29,Twitch,0,0,0,0,0
***77,Udyr,0,0,0,0,0
***6,Urgot,0,0,0,0,0
***110,Varus,0,0,0,0,0
***67,Vayne,0,0,0,0,0
***45,Veigar,0,0,0,0,0
***161,VelKoz,0,0,0,0,0
***254,Vi,0,0,0,0,0
***112,Viktor,0,0,0,0,0
***8,Vladimir,0,0,0,0,0
***106,Volibear,0,0,0,0,0
***19,Warwick,0,0,0,0,0
***62,Wukong,0,0,0,0,0
***101,Xerath,0,0,0,0,0
***5,Xin Zhao,0,0,0,0,0
***157,Yasuo,0,0,0,0,0
***83,Yorick,0,0,0,0,0
***154,Zac,0,0,0,0,0
***238,Zed,0,0,0,0,0
***115,Ziggs,0,0,0,0,0
***26,Zilean,0,0,0,0,0
***143,Zyra,0,0,0,0,0
